17
21
23
34
36
61
67
68
84
85
94
107
109
111
112
117
124
130
138
145
154
156
157
175
177
188
191
198
199
203
209
211
222
231
234
236
249
252
256
283
286
287
291
298
299
305
321
323
328
330
339
346
352
353
356
357
361
376
384
395
402
406
423
426
433
434
450
452
474
502
505
507
510
518
523
530
535
546
550
554
573
576
580
605
618
629
630
631
634
638
653
665
674
689
690
695
703
711
720
721
725
728
731
735
745
755
757
773
776
779
781
782
787
794
796
801
804
805
807
808
822
824
832
835
843
849
852
858
863
878
885
890
894
899
902
904
907
914
923
924
945
946
947
949
952
959
963
969
975
984
986
995
998
1004
1006
1018
1029
1042
1050
1062
1069
1076
1080
1084
1093
1106
1121
1124
1134
1136
1137
1141
1148
1158
1160
1183
1187
1192
1197
1207
1220
1226
1241
1257
1283
1286
1292
1301
1313
1319
1331
1332
1339
1344
1351
1354
1386
1397
1399
1401
1419
1423
1439
1441
1453
1459
1474
1485
1488
1493
1498
1516
1517
1528
1530
1535
1544
1550
1552
1563
1567
1569
1571
1578
1579
1594
1604
1606
1616
1620
1621
1629
1636
1673
1679
1699
1701
1709
1727
1757
1767
1772
1778
1784
1787
1802
1804
1811
1816
1819
1840
1855
1858
1860
1863
1872
1893
1899
1900
1901
1915
1931
1936
1944
1949
1958
1967
1972
1973
1982
1985
1988
1991
1995
1999
2005
2015
2018
2021
2025
2029
2034
2040
2049
2081
2090
2092
2093
2100
2116
2124
2135
2136
2150
2165
2185
2187
2208
2215
2222
2223
2224
2240
2245
2258
2263
2264
2265
2268
2280
2284
2298
2310
2322
2333
2338
2341
2343
2349
2361
2365
2369
2371
2378
2385
2387
2388
2394
2397
2415
2422
2423
2425
2427
2442
2452
2460
2464
2467
2477
2479
2482
2512
2513
2530
2539
2550
2558
2561
2577
2582
2586
2589
2592
2598
2611
2619
2622
2636
2639
2649
2652
2658
2664
2666
2682
2710
2718
2733
2740
2743
2747
2759
2763
2775
2784
2786
2800
2809
2813
2819
2825
2828
2830
2846
2867
2876
2905
2919
2921
2953
2973
2974
2975
2984
2990
2997
3011
3019
3024
3026
3029
3036
3042
3045
3052
3065
3078
3084
3100
3127
3132
3133
3143
3145
3154
3155
3178
3180
3181
3184
3196
3210
3214
3216
3217
3218
3225
3242
3250
3267
3268
3272
3278
3283
3286
3306
3318
3319
3322
3333
3357
3362
3365
3369
3371
3377
3386
3392
3393
3403
3404
3417
3425
3426
3433
3436
3437
3456
3460
3466
3481
3482
3490
3497
3506
3513
3516
3523
3525
3533
3543
3559
3566
3575
3588
3593
3600
3602
3623
3639
3644
3649
3657
3674
3676
3678
3685
3700
3705
3722
3728
3734
3742
3746
3748
3765
3768
3771
3788
3790
3792
3793
3796
3800
3818
3830
3841
3851
3860
3862
3866
3868
3874
3876
3883
3895
3903
3911
3914
3917
3926
3929
3935
3940
3949
3952
3956
3969
3974
3977
3980
3984
3987
3995
3999
4004
4016
4026
4030
4058
4059
4063
4064
4071
4074
4076
4094
4096
4101
4104
4109
4113
4115
4118
4126
4137
4140
4155
4159
4166
4180
4187
4239
4240
4264
4267
4268
4271
4275
4290
4292
4313
4316
4317
4329
4334
4351
4367
4386
4390
4392
4394
4397
4401
4405
4406
4410
4423
4427
4454
4456
4458
4467
4495
4506
4520
4521
4527
4535
4555
4559
4566
4570
4571
4574
4577
4587
4588
4592
4599
4602
4609
4618
4631
4635
4641
4644
4655
4664
4676
4679
4685
4688
4696
4700
4708
4713
4718
4730
4741
4749
4765
4766
4767
4770
4784
4785
4787
4788
4796
4816
4821
4826
4827
4831
4833
4836
4843
4873
4883
4893
4900
4904
4906
4910
4915
4916
4918
4924
4929
4949
4954
4958
4962
4966
4968
4985
5008
5018
5030
5031
5032
5038
5048
5050
5051
5060
5071
5072
5074
5077
5096
5099
5103
5107
5124
5138
5139
5142
5150
5158
5166
5171
5183
5193
5195
5196
5199
5205
5231
5239
5242
5244
5246
5247
5259
5278
5282
5285
5290
5319
5321
5328
5330
5336
5343
5347
5348
5349
5362
5369
5370
5374
5382
5384
5389
5392
5393
5397
5398
5400
5403
5406
5410
5427
5448
5453
5476
5481
5491
5495
5506
5517
5525
5527
5528
5535
5542
5544
5561
5570
5573
5581
5596
5598
5604
5611
5617
5619
5620
5622
5643
5645
5658
5662
5665
5666
5675
5685
5689
5691
5692
5696
5709
5712
5727
5752
5760
5761
5766
5768
5771
5772
5774
5782
5783
5786
5790
5791
5794
5795
5801
5806
5818
5819
5824
5827
5830
5832
5839
5841
5844
5865
5866
5882
5885
5897
5901
5904
5908
5909
5911
5913
5935
5937
5944
5950
5954
5962
5979
5983
6005
6008
6019
6024
6038
6055
6061
6063
6069
6079
6082
6085
6086
6088
6090
6113
6116
6131
6145
6147
6155
6156
6160
6166
6171
6176
6202
6206
6212
6214
6228
6234
6255
6258
6262
6272
6273
6279
6283
6317
6331
6349
6353
6359
6365
6378
6398
6403
6428
6432
6437
6440
6448
6451
6464
6466
6481
6488
6497
6502
6510
6533
6534
6537
6540
6541
6542
6543
6545
6552
6566
6571
6575
6589
6598
6604
6621
6630
6632
6638
6653
6667
6675
6681
6685
6692
6697
6702
6706
6707
6710
6718
6720
6736
6749
6755
6756
6760
6783
6787
6792
6805
6809
6824
6828
6829
6833
6838
6841
6849
6850
6856
6863
6871
6878
6884
6892
6894
6901
6908
6914
6917
6919
6920
6930
6939
6942
6950
6952
6953
6954
6955
6958
6960
6962
6969
6973
6976
6978
6988
7009
7036
7051
7059
7066
7092
7094
7095
7101
7102
7103
7105
7107
7118
7125
7138
7142
7159
7161
7169
